|   Order |   Mant |           x |   e^x |   Order of e^x |   e^x-1 |   order of e^x-1 |   (e^x-1)/x |   (e^x-1)/order_Term |
|---------+--------+-------------+-------+----------------+---------+------------------+-------------+----------------------|
|     -63 |   0.25 | 2.71051e-20 |     1 |              0 |       0 |             -inf |           0 |                    0 |
|     -63 |   0.5  | 5.42101e-20 |     1 |              0 |       0 |             -inf |           0 |                    0 |
|     -63 |   0.75 | 8.13152e-20 |     1 |              0 |       0 |             -inf |           0 |                    0 |
|     -63 |   1    | 1.0842e-19  |     1 |              0 |       0 |             -inf |           0 |                    0 |
|     -63 |   1.25 | 1.35525e-19 |     1 |              0 |       0 |             -inf |           0 |                    0 |
|     -63 |   1.5  | 1.6263e-19  |     1 |              0 |       0 |             -inf |           0 |                    0 |
|     -63 |   1.75 | 1.89735e-19 |     1 |              0 |       0 |             -inf |           0 |                    0 |
|   Order |   Mant |           x |   e^x |   Order of e^x |   e^x-1 |   order of e^x-1 |   (e^x-1)/x |   (e^x-1)/order_Term |
|---------+--------+-------------+-------+----------------+---------+------------------+-------------+----------------------|
|     -62 |   0.25 | 5.42101e-20 |     1 |              0 |       0 |             -inf |           0 |                    0 |
|     -62 |   0.5  | 1.0842e-19  |     1 |              0 |       0 |             -inf |           0 |                    0 |
|     -62 |   0.75 | 1.6263e-19  |     1 |              0 |       0 |             -inf |           0 |                    0 |
|     -62 |   1    | 2.1684e-19  |     1 |              0 |       0 |             -inf |           0 |                    0 |
|     -62 |   1.25 | 2.71051e-19 |     1 |              0 |       0 |             -inf |           0 |                    0 |
|     -62 |   1.5  | 3.25261e-19 |     1 |              0 |       0 |             -inf |           0 |                    0 |
|     -62 |   1.75 | 3.79471e-19 |     1 |              0 |       0 |             -inf |           0 |                    0 |
|   Order |   Mant |           x |   e^x |   Order of e^x |   e^x-1 |   order of e^x-1 |   (e^x-1)/x |   (e^x-1)/order_Term |
|---------+--------+-------------+-------+----------------+---------+------------------+-------------+----------------------|
|     -61 |   0.25 | 1.0842e-19  |     1 |              0 |       0 |             -inf |           0 |                    0 |
|     -61 |   0.5  | 2.1684e-19  |     1 |              0 |       0 |             -inf |           0 |                    0 |
|     -61 |   0.75 | 3.25261e-19 |     1 |              0 |       0 |             -inf |           0 |                    0 |
|     -61 |   1    | 4.33681e-19 |     1 |              0 |       0 |             -inf |           0 |                    0 |
|     -61 |   1.25 | 5.42101e-19 |     1 |              0 |       0 |             -inf |           0 |                    0 |
|     -61 |   1.5  | 6.50521e-19 |     1 |              0 |       0 |             -inf |           0 |                    0 |
|     -61 |   1.75 | 7.58942e-19 |     1 |              0 |       0 |             -inf |           0 |                    0 |
|   Order |   Mant |           x |   e^x |   Order of e^x |   e^x-1 |   order of e^x-1 |   (e^x-1)/x |   (e^x-1)/order_Term |
|---------+--------+-------------+-------+----------------+---------+------------------+-------------+----------------------|
|     -60 |   0.25 | 2.1684e-19  |     1 |              0 |       0 |             -inf |           0 |                    0 |
|     -60 |   0.5  | 4.33681e-19 |     1 |              0 |       0 |             -inf |           0 |                    0 |
|     -60 |   0.75 | 6.50521e-19 |     1 |              0 |       0 |             -inf |           0 |                    0 |
|     -60 |   1    | 8.67362e-19 |     1 |              0 |       0 |             -inf |           0 |                    0 |
|     -60 |   1.25 | 1.0842e-18  |     1 |              0 |       0 |             -inf |           0 |                    0 |
|     -60 |   1.5  | 1.30104e-18 |     1 |              0 |       0 |             -inf |           0 |                    0 |
|     -60 |   1.75 | 1.51788e-18 |     1 |              0 |       0 |             -inf |           0 |                    0 |
|   Order |   Mant |           x |   e^x |   Order of e^x |   e^x-1 |   order of e^x-1 |   (e^x-1)/x |   (e^x-1)/order_Term |
|---------+--------+-------------+-------+----------------+---------+------------------+-------------+----------------------|
|     -59 |   0.25 | 4.33681e-19 |     1 |              0 |       0 |             -inf |           0 |                    0 |
|     -59 |   0.5  | 8.67362e-19 |     1 |              0 |       0 |             -inf |           0 |                    0 |
|     -59 |   0.75 | 1.30104e-18 |     1 |              0 |       0 |             -inf |           0 |                    0 |
|     -59 |   1    | 1.73472e-18 |     1 |              0 |       0 |             -inf |           0 |                    0 |
|     -59 |   1.25 | 2.1684e-18  |     1 |              0 |       0 |             -inf |           0 |                    0 |
|     -59 |   1.5  | 2.60209e-18 |     1 |              0 |       0 |             -inf |           0 |                    0 |
|     -59 |   1.75 | 3.03577e-18 |     1 |              0 |       0 |             -inf |           0 |                    0 |
|   Order |   Mant |           x |   e^x |   Order of e^x |   e^x-1 |   order of e^x-1 |   (e^x-1)/x |   (e^x-1)/order_Term |
|---------+--------+-------------+-------+----------------+---------+------------------+-------------+----------------------|
|     -58 |   0.25 | 8.67362e-19 |     1 |              0 |       0 |             -inf |           0 |                    0 |
|     -58 |   0.5  | 1.73472e-18 |     1 |              0 |       0 |             -inf |           0 |                    0 |
|     -58 |   0.75 | 2.60209e-18 |     1 |              0 |       0 |             -inf |           0 |                    0 |
|     -58 |   1    | 3.46945e-18 |     1 |              0 |       0 |             -inf |           0 |                    0 |
|     -58 |   1.25 | 4.33681e-18 |     1 |              0 |       0 |             -inf |           0 |                    0 |
|     -58 |   1.5  | 5.20417e-18 |     1 |              0 |       0 |             -inf |           0 |                    0 |
|     -58 |   1.75 | 6.07153e-18 |     1 |              0 |       0 |             -inf |           0 |                    0 |
|   Order |   Mant |           x |   e^x |   Order of e^x |   e^x-1 |   order of e^x-1 |   (e^x-1)/x |   (e^x-1)/order_Term |
|---------+--------+-------------+-------+----------------+---------+------------------+-------------+----------------------|
|     -57 |   0.25 | 1.73472e-18 |     1 |              0 |       0 |             -inf |           0 |                    0 |
|     -57 |   0.5  | 3.46945e-18 |     1 |              0 |       0 |             -inf |           0 |                    0 |
|     -57 |   0.75 | 5.20417e-18 |     1 |              0 |       0 |             -inf |           0 |                    0 |
|     -57 |   1    | 6.93889e-18 |     1 |              0 |       0 |             -inf |           0 |                    0 |
|     -57 |   1.25 | 8.67362e-18 |     1 |              0 |       0 |             -inf |           0 |                    0 |
|     -57 |   1.5  | 1.04083e-17 |     1 |              0 |       0 |             -inf |           0 |                    0 |
|     -57 |   1.75 | 1.21431e-17 |     1 |              0 |       0 |             -inf |           0 |                    0 |
|   Order |   Mant |           x |   e^x |   Order of e^x |   e^x-1 |   order of e^x-1 |   (e^x-1)/x |   (e^x-1)/order_Term |
|---------+--------+-------------+-------+----------------+---------+------------------+-------------+----------------------|
|     -56 |   0.25 | 3.46945e-18 |     1 |              0 |       0 |             -inf |           0 |                    0 |
|     -56 |   0.5  | 6.93889e-18 |     1 |              0 |       0 |             -inf |           0 |                    0 |
|     -56 |   0.75 | 1.04083e-17 |     1 |              0 |       0 |             -inf |           0 |                    0 |
|     -56 |   1    | 1.38778e-17 |     1 |              0 |       0 |             -inf |           0 |                    0 |
|     -56 |   1.25 | 1.73472e-17 |     1 |              0 |       0 |             -inf |           0 |                    0 |
|     -56 |   1.5  | 2.08167e-17 |     1 |              0 |       0 |             -inf |           0 |                    0 |
|     -56 |   1.75 | 2.42861e-17 |     1 |              0 |       0 |             -inf |           0 |                    0 |
|   Order |   Mant |           x |   e^x |   Order of e^x |   e^x-1 |   order of e^x-1 |   (e^x-1)/x |   (e^x-1)/order_Term |
|---------+--------+-------------+-------+----------------+---------+------------------+-------------+----------------------|
|     -55 |   0.25 | 6.93889e-18 |     1 |              0 |       0 |             -inf |           0 |                    0 |
|     -55 |   0.5  | 1.38778e-17 |     1 |              0 |       0 |             -inf |           0 |                    0 |
|     -55 |   0.75 | 2.08167e-17 |     1 |              0 |       0 |             -inf |           0 |                    0 |
|     -55 |   1    | 2.77556e-17 |     1 |              0 |       0 |             -inf |           0 |                    0 |
|     -55 |   1.25 | 3.46945e-17 |     1 |              0 |       0 |             -inf |           0 |                    0 |
|     -55 |   1.5  | 4.16334e-17 |     1 |              0 |       0 |             -inf |           0 |                    0 |
|     -55 |   1.75 | 4.85723e-17 |     1 |              0 |       0 |             -inf |           0 |                    0 |
|   Order |   Mant |           x |   e^x |   Order of e^x |   e^x-1 |   order of e^x-1 |   (e^x-1)/x |   (e^x-1)/order_Term |
|---------+--------+-------------+-------+----------------+---------+------------------+-------------+----------------------|
|     -54 |   0.25 | 1.38778e-17 |     1 |              0 |       0 |             -inf |           0 |                    0 |
|     -54 |   0.5  | 2.77556e-17 |     1 |              0 |       0 |             -inf |           0 |                    0 |
|     -54 |   0.75 | 4.16334e-17 |     1 |              0 |       0 |             -inf |           0 |                    0 |
|     -54 |   1    | 5.55112e-17 |     1 |              0 |       0 |             -inf |           0 |                    0 |
|     -54 |   1.25 | 6.93889e-17 |     1 |              0 |       0 |             -inf |           0 |                    0 |
|     -54 |   1.5  | 8.32667e-17 |     1 |              0 |       0 |             -inf |           0 |                    0 |
|     -54 |   1.75 | 9.71445e-17 |     1 |              0 |       0 |             -inf |           0 |                    0 |
|   Order |   Mant |           x |   e^x |   Order of e^x |       e^x-1 |   order of e^x-1 |   (e^x-1)/x |   (e^x-1)/order_Term |
|---------+--------+-------------+-------+----------------+-------------+------------------+-------------+----------------------|
|     -53 |   0.25 | 2.77556e-17 |     1 |    0           | 0           |             -inf |     0       |                    0 |
|     -53 |   0.5  | 5.55112e-17 |     1 |    0           | 0           |             -inf |     0       |                    0 |
|     -53 |   0.75 | 8.32667e-17 |     1 |    0           | 0           |             -inf |     0       |                    0 |
|     -53 |   1    | 1.11022e-16 |     1 |    0           | 0           |             -inf |     0       |                    0 |
|     -53 |   1.25 | 1.38778e-16 |     1 |    3.20343e-16 | 2.22045e-16 |              -52 |     1.6     |                    2 |
|     -53 |   1.5  | 1.66533e-16 |     1 |    3.20343e-16 | 2.22045e-16 |              -52 |     1.33333 |                    2 |
|     -53 |   1.75 | 1.94289e-16 |     1 |    3.20343e-16 | 2.22045e-16 |              -52 |     1.14286 |                    2 |
|   Order |   Mant |           x |   e^x |   Order of e^x |       e^x-1 |   order of e^x-1 |   (e^x-1)/x |   (e^x-1)/order_Term |
|---------+--------+-------------+-------+----------------+-------------+------------------+-------------+----------------------|
|     -52 |   0.25 | 5.55112e-17 |     1 |    0           | 0           |             -inf |     0       |                    0 |
|     -52 |   0.5  | 1.11022e-16 |     1 |    0           | 0           |             -inf |     0       |                    0 |
|     -52 |   0.75 | 1.66533e-16 |     1 |    3.20343e-16 | 2.22045e-16 |              -52 |     1.33333 |                    1 |
|     -52 |   1    | 2.22045e-16 |     1 |    3.20343e-16 | 2.22045e-16 |              -52 |     1       |                    1 |
|     -52 |   1.25 | 2.77556e-16 |     1 |    3.20343e-16 | 2.22045e-16 |              -52 |     0.8     |                    1 |
|     -52 |   1.5  | 3.33067e-16 |     1 |    6.40685e-16 | 4.44089e-16 |              -51 |     1.33333 |                    2 |
|     -52 |   1.75 | 3.88578e-16 |     1 |    6.40685e-16 | 4.44089e-16 |              -51 |     1.14286 |                    2 |
|   Order |   Mant |           x |   e^x |   Order of e^x |       e^x-1 |   order of e^x-1 |   (e^x-1)/x |   (e^x-1)/order_Term |
|---------+--------+-------------+-------+----------------+-------------+------------------+-------------+----------------------|
|     -51 |   0.25 | 1.11022e-16 |     1 |    0           | 0           |         -inf     |     0       |                  0   |
|     -51 |   0.5  | 2.22045e-16 |     1 |    3.20343e-16 | 2.22045e-16 |          -52     |     1       |                  0.5 |
|     -51 |   0.75 | 3.33067e-16 |     1 |    6.40685e-16 | 4.44089e-16 |          -51     |     1.33333 |                  1   |
|     -51 |   1    | 4.44089e-16 |     1 |    6.40685e-16 | 4.44089e-16 |          -51     |     1       |                  1   |
|     -51 |   1.25 | 5.55112e-16 |     1 |    9.61028e-16 | 6.66134e-16 |          -50.415 |     1.2     |                  1.5 |
|     -51 |   1.5  | 6.66134e-16 |     1 |    9.61028e-16 | 6.66134e-16 |          -50.415 |     1       |                  1.5 |
|     -51 |   1.75 | 7.77156e-16 |     1 |    1.28137e-15 | 8.88178e-16 |          -50     |     1.14286 |                  2   |
|   Order |   Mant |           x |   e^x |   Order of e^x |       e^x-1 |   order of e^x-1 |   (e^x-1)/x |   (e^x-1)/order_Term |
|---------+--------+-------------+-------+----------------+-------------+------------------+-------------+----------------------|
|     -50 |   0.25 | 2.22045e-16 |     1 |    3.20343e-16 | 2.22045e-16 |         -52      |           1 |                 0.25 |
|     -50 |   0.5  | 4.44089e-16 |     1 |    6.40685e-16 | 4.44089e-16 |         -51      |           1 |                 0.5  |
|     -50 |   0.75 | 6.66134e-16 |     1 |    9.61028e-16 | 6.66134e-16 |         -50.415  |           1 |                 0.75 |
|     -50 |   1    | 8.88178e-16 |     1 |    1.28137e-15 | 8.88178e-16 |         -50      |           1 |                 1    |
|     -50 |   1.25 | 1.11022e-15 |     1 |    1.60171e-15 | 1.11022e-15 |         -49.6781 |           1 |                 1.25 |
|     -50 |   1.5  | 1.33227e-15 |     1 |    1.92206e-15 | 1.33227e-15 |         -49.415  |           1 |                 1.5  |
|     -50 |   1.75 | 1.55431e-15 |     1 |    2.2424e-15  | 1.55431e-15 |         -49.1926 |           1 |                 1.75 |
|   Order |   Mant |           x |   e^x |   Order of e^x |       e^x-1 |   order of e^x-1 |   (e^x-1)/x |   (e^x-1)/order_Term |
|---------+--------+-------------+-------+----------------+-------------+------------------+-------------+----------------------|
|     -49 |   0.25 | 4.44089e-16 |     1 |    6.40685e-16 | 4.44089e-16 |         -51      |           1 |                 0.25 |
|     -49 |   0.5  | 8.88178e-16 |     1 |    1.28137e-15 | 8.88178e-16 |         -50      |           1 |                 0.5  |
|     -49 |   0.75 | 1.33227e-15 |     1 |    1.92206e-15 | 1.33227e-15 |         -49.415  |           1 |                 0.75 |
|     -49 |   1    | 1.77636e-15 |     1 |    2.56274e-15 | 1.77636e-15 |         -49      |           1 |                 1    |
|     -49 |   1.25 | 2.22045e-15 |     1 |    3.20343e-15 | 2.22045e-15 |         -48.6781 |           1 |                 1.25 |
|     -49 |   1.5  | 2.66454e-15 |     1 |    3.84411e-15 | 2.66454e-15 |         -48.415  |           1 |                 1.5  |
|     -49 |   1.75 | 3.10862e-15 |     1 |    4.4848e-15  | 3.10862e-15 |         -48.1926 |           1 |                 1.75 |
|   Order |   Mant |           x |   e^x |   Order of e^x |       e^x-1 |   order of e^x-1 |   (e^x-1)/x |   (e^x-1)/order_Term |
|---------+--------+-------------+-------+----------------+-------------+------------------+-------------+----------------------|
|     -48 |   0.25 | 8.88178e-16 |     1 |    1.28137e-15 | 8.88178e-16 |         -50      |           1 |                 0.25 |
|     -48 |   0.5  | 1.77636e-15 |     1 |    2.56274e-15 | 1.77636e-15 |         -49      |           1 |                 0.5  |
|     -48 |   0.75 | 2.66454e-15 |     1 |    3.84411e-15 | 2.66454e-15 |         -48.415  |           1 |                 0.75 |
|     -48 |   1    | 3.55271e-15 |     1 |    5.12548e-15 | 3.55271e-15 |         -48      |           1 |                 1    |
|     -48 |   1.25 | 4.44089e-15 |     1 |    6.40685e-15 | 4.44089e-15 |         -47.6781 |           1 |                 1.25 |
|     -48 |   1.5  | 5.32907e-15 |     1 |    7.68822e-15 | 5.32907e-15 |         -47.415  |           1 |                 1.5  |
|     -48 |   1.75 | 6.21725e-15 |     1 |    8.96959e-15 | 6.21725e-15 |         -47.1926 |           1 |                 1.75 |
|   Order |   Mant |           x |   e^x |   Order of e^x |       e^x-1 |   order of e^x-1 |   (e^x-1)/x |   (e^x-1)/order_Term |
|---------+--------+-------------+-------+----------------+-------------+------------------+-------------+----------------------|
|     -47 |   0.25 | 1.77636e-15 |     1 |    2.56274e-15 | 1.77636e-15 |         -49      |           1 |                 0.25 |
|     -47 |   0.5  | 3.55271e-15 |     1 |    5.12548e-15 | 3.55271e-15 |         -48      |           1 |                 0.5  |
|     -47 |   0.75 | 5.32907e-15 |     1 |    7.68822e-15 | 5.32907e-15 |         -47.415  |           1 |                 0.75 |
|     -47 |   1    | 7.10543e-15 |     1 |    1.0251e-14  | 7.10543e-15 |         -47      |           1 |                 1    |
|     -47 |   1.25 | 8.88178e-15 |     1 |    1.28137e-14 | 8.88178e-15 |         -46.6781 |           1 |                 1.25 |
|     -47 |   1.5  | 1.06581e-14 |     1 |    1.53764e-14 | 1.06581e-14 |         -46.415  |           1 |                 1.5  |
|     -47 |   1.75 | 1.24345e-14 |     1 |    1.79392e-14 | 1.24345e-14 |         -46.1926 |           1 |                 1.75 |
|   Order |   Mant |           x |   e^x |   Order of e^x |       e^x-1 |   order of e^x-1 |   (e^x-1)/x |   (e^x-1)/order_Term |
|---------+--------+-------------+-------+----------------+-------------+------------------+-------------+----------------------|
|     -46 |   0.25 | 3.55271e-15 |     1 |    5.12548e-15 | 3.55271e-15 |         -48      |           1 |                 0.25 |
|     -46 |   0.5  | 7.10543e-15 |     1 |    1.0251e-14  | 7.10543e-15 |         -47      |           1 |                 0.5  |
|     -46 |   0.75 | 1.06581e-14 |     1 |    1.53764e-14 | 1.06581e-14 |         -46.415  |           1 |                 0.75 |
|     -46 |   1    | 1.42109e-14 |     1 |    2.05019e-14 | 1.42109e-14 |         -46      |           1 |                 1    |
|     -46 |   1.25 | 1.77636e-14 |     1 |    2.56274e-14 | 1.77636e-14 |         -45.6781 |           1 |                 1.25 |
|     -46 |   1.5  | 2.13163e-14 |     1 |    3.07529e-14 | 2.13163e-14 |         -45.415  |           1 |                 1.5  |
|     -46 |   1.75 | 2.4869e-14  |     1 |    3.58784e-14 | 2.4869e-14  |         -45.1926 |           1 |                 1.75 |
|   Order |   Mant |           x |   e^x |   Order of e^x |       e^x-1 |   order of e^x-1 |   (e^x-1)/x |   (e^x-1)/order_Term |
|---------+--------+-------------+-------+----------------+-------------+------------------+-------------+----------------------|
|     -45 |   0.25 | 7.10543e-15 |     1 |    1.0251e-14  | 7.10543e-15 |         -47      |           1 |                 0.25 |
|     -45 |   0.5  | 1.42109e-14 |     1 |    2.05019e-14 | 1.42109e-14 |         -46      |           1 |                 0.5  |
|     -45 |   0.75 | 2.13163e-14 |     1 |    3.07529e-14 | 2.13163e-14 |         -45.415  |           1 |                 0.75 |
|     -45 |   1    | 2.84217e-14 |     1 |    4.10039e-14 | 2.84217e-14 |         -45      |           1 |                 1    |
|     -45 |   1.25 | 3.55271e-14 |     1 |    5.12548e-14 | 3.55271e-14 |         -44.6781 |           1 |                 1.25 |
|     -45 |   1.5  | 4.26326e-14 |     1 |    6.15058e-14 | 4.26326e-14 |         -44.415  |           1 |                 1.5  |
|     -45 |   1.75 | 4.9738e-14  |     1 |    7.17568e-14 | 4.9738e-14  |         -44.1926 |           1 |                 1.75 |
|   Order |   Mant |           x |   e^x |   Order of e^x |       e^x-1 |   order of e^x-1 |   (e^x-1)/x |   (e^x-1)/order_Term |
|---------+--------+-------------+-------+----------------+-------------+------------------+-------------+----------------------|
|     -44 |   0.25 | 1.42109e-14 |     1 |    2.05019e-14 | 1.42109e-14 |         -46      |           1 |                 0.25 |
|     -44 |   0.5  | 2.84217e-14 |     1 |    4.10039e-14 | 2.84217e-14 |         -45      |           1 |                 0.5  |
|     -44 |   0.75 | 4.26326e-14 |     1 |    6.15058e-14 | 4.26326e-14 |         -44.415  |           1 |                 0.75 |
|     -44 |   1    | 5.68434e-14 |     1 |    8.20077e-14 | 5.68434e-14 |         -44      |           1 |                 1    |
|     -44 |   1.25 | 7.10543e-14 |     1 |    1.0251e-13  | 7.10543e-14 |         -43.6781 |           1 |                 1.25 |
|     -44 |   1.5  | 8.52651e-14 |     1 |    1.23012e-13 | 8.52651e-14 |         -43.415  |           1 |                 1.5  |
|     -44 |   1.75 | 9.9476e-14  |     1 |    1.43514e-13 | 9.9476e-14  |         -43.1926 |           1 |                 1.75 |
|   Order |   Mant |           x |   e^x |   Order of e^x |       e^x-1 |   order of e^x-1 |   (e^x-1)/x |   (e^x-1)/order_Term |
|---------+--------+-------------+-------+----------------+-------------+------------------+-------------+----------------------|
|     -43 |   0.25 | 2.84217e-14 |     1 |    4.10039e-14 | 2.84217e-14 |         -45      |           1 |                 0.25 |
|     -43 |   0.5  | 5.68434e-14 |     1 |    8.20077e-14 | 5.68434e-14 |         -44      |           1 |                 0.5  |
|     -43 |   0.75 | 8.52651e-14 |     1 |    1.23012e-13 | 8.52651e-14 |         -43.415  |           1 |                 0.75 |
|     -43 |   1    | 1.13687e-13 |     1 |    1.64015e-13 | 1.13687e-13 |         -43      |           1 |                 1    |
|     -43 |   1.25 | 1.42109e-13 |     1 |    2.05019e-13 | 1.42109e-13 |         -42.6781 |           1 |                 1.25 |
|     -43 |   1.5  | 1.7053e-13  |     1 |    2.46023e-13 | 1.7053e-13  |         -42.415  |           1 |                 1.5  |
|     -43 |   1.75 | 1.98952e-13 |     1 |    2.87027e-13 | 1.98952e-13 |         -42.1926 |           1 |                 1.75 |
|   Order |   Mant |           x |   e^x |   Order of e^x |       e^x-1 |   order of e^x-1 |   (e^x-1)/x |   (e^x-1)/order_Term |
|---------+--------+-------------+-------+----------------+-------------+------------------+-------------+----------------------|
|     -42 |   0.25 | 5.68434e-14 |     1 |    8.20077e-14 | 5.68434e-14 |         -44      |           1 |                 0.25 |
|     -42 |   0.5  | 1.13687e-13 |     1 |    1.64015e-13 | 1.13687e-13 |         -43      |           1 |                 0.5  |
|     -42 |   0.75 | 1.7053e-13  |     1 |    2.46023e-13 | 1.7053e-13  |         -42.415  |           1 |                 0.75 |
|     -42 |   1    | 2.27374e-13 |     1 |    3.28031e-13 | 2.27374e-13 |         -42      |           1 |                 1    |
|     -42 |   1.25 | 2.84217e-13 |     1 |    4.10039e-13 | 2.84217e-13 |         -41.6781 |           1 |                 1.25 |
|     -42 |   1.5  | 3.41061e-13 |     1 |    4.92046e-13 | 3.41061e-13 |         -41.415  |           1 |                 1.5  |
|     -42 |   1.75 | 3.97904e-13 |     1 |    5.74054e-13 | 3.97904e-13 |         -41.1926 |           1 |                 1.75 |
|   Order |   Mant |           x |   e^x |   Order of e^x |       e^x-1 |   order of e^x-1 |   (e^x-1)/x |   (e^x-1)/order_Term |
|---------+--------+-------------+-------+----------------+-------------+------------------+-------------+----------------------|
|     -41 |   0.25 | 1.13687e-13 |     1 |    1.64015e-13 | 1.13687e-13 |         -43      |           1 |                 0.25 |
|     -41 |   0.5  | 2.27374e-13 |     1 |    3.28031e-13 | 2.27374e-13 |         -42      |           1 |                 0.5  |
|     -41 |   0.75 | 3.41061e-13 |     1 |    4.92046e-13 | 3.41061e-13 |         -41.415  |           1 |                 0.75 |
|     -41 |   1    | 4.54747e-13 |     1 |    6.56062e-13 | 4.54747e-13 |         -41      |           1 |                 1    |
|     -41 |   1.25 | 5.68434e-13 |     1 |    8.20077e-13 | 5.68434e-13 |         -40.6781 |           1 |                 1.25 |
|     -41 |   1.5  | 6.82121e-13 |     1 |    9.84093e-13 | 6.82121e-13 |         -40.415  |           1 |                 1.5  |
|     -41 |   1.75 | 7.95808e-13 |     1 |    1.14811e-12 | 7.95808e-13 |         -40.1926 |           1 |                 1.75 |
|   Order |   Mant |           x |   e^x |   Order of e^x |       e^x-1 |   order of e^x-1 |   (e^x-1)/x |   (e^x-1)/order_Term |
|---------+--------+-------------+-------+----------------+-------------+------------------+-------------+----------------------|
|     -40 |   0.25 | 2.27374e-13 |     1 |    3.28031e-13 | 2.27374e-13 |         -42      |           1 |                 0.25 |
|     -40 |   0.5  | 4.54747e-13 |     1 |    6.56062e-13 | 4.54747e-13 |         -41      |           1 |                 0.5  |
|     -40 |   0.75 | 6.82121e-13 |     1 |    9.84093e-13 | 6.82121e-13 |         -40.415  |           1 |                 0.75 |
|     -40 |   1    | 9.09495e-13 |     1 |    1.31212e-12 | 9.09495e-13 |         -40      |           1 |                 1    |
|     -40 |   1.25 | 1.13687e-12 |     1 |    1.64015e-12 | 1.13687e-12 |         -39.6781 |           1 |                 1.25 |
|     -40 |   1.5  | 1.36424e-12 |     1 |    1.96819e-12 | 1.36424e-12 |         -39.415  |           1 |                 1.5  |
|     -40 |   1.75 | 1.59162e-12 |     1 |    2.29622e-12 | 1.59162e-12 |         -39.1926 |           1 |                 1.75 |
|   Order |   Mant |           x |   e^x |   Order of e^x |       e^x-1 |   order of e^x-1 |   (e^x-1)/x |   (e^x-1)/order_Term |
|---------+--------+-------------+-------+----------------+-------------+------------------+-------------+----------------------|
|     -39 |   0.25 | 4.54747e-13 |     1 |    6.56062e-13 | 4.54747e-13 |         -41      |           1 |                 0.25 |
|     -39 |   0.5  | 9.09495e-13 |     1 |    1.31212e-12 | 9.09495e-13 |         -40      |           1 |                 0.5  |
|     -39 |   0.75 | 1.36424e-12 |     1 |    1.96819e-12 | 1.36424e-12 |         -39.415  |           1 |                 0.75 |
|     -39 |   1    | 1.81899e-12 |     1 |    2.62425e-12 | 1.81899e-12 |         -39      |           1 |                 1    |
|     -39 |   1.25 | 2.27374e-12 |     1 |    3.28031e-12 | 2.27374e-12 |         -38.6781 |           1 |                 1.25 |
|     -39 |   1.5  | 2.72848e-12 |     1 |    3.93637e-12 | 2.72848e-12 |         -38.415  |           1 |                 1.5  |
|     -39 |   1.75 | 3.18323e-12 |     1 |    4.59243e-12 | 3.18323e-12 |         -38.1926 |           1 |                 1.75 |
|   Order |   Mant |           x |   e^x |   Order of e^x |       e^x-1 |   order of e^x-1 |   (e^x-1)/x |   (e^x-1)/order_Term |
|---------+--------+-------------+-------+----------------+-------------+------------------+-------------+----------------------|
|     -38 |   0.25 | 9.09495e-13 |     1 |    1.31212e-12 | 9.09495e-13 |         -40      |           1 |                 0.25 |
|     -38 |   0.5  | 1.81899e-12 |     1 |    2.62425e-12 | 1.81899e-12 |         -39      |           1 |                 0.5  |
|     -38 |   0.75 | 2.72848e-12 |     1 |    3.93637e-12 | 2.72848e-12 |         -38.415  |           1 |                 0.75 |
|     -38 |   1    | 3.63798e-12 |     1 |    5.24849e-12 | 3.63798e-12 |         -38      |           1 |                 1    |
|     -38 |   1.25 | 4.54747e-12 |     1 |    6.56062e-12 | 4.54747e-12 |         -37.6781 |           1 |                 1.25 |
|     -38 |   1.5  | 5.45697e-12 |     1 |    7.87274e-12 | 5.45697e-12 |         -37.415  |           1 |                 1.5  |
|     -38 |   1.75 | 6.36646e-12 |     1 |    9.18486e-12 | 6.36646e-12 |         -37.1926 |           1 |                 1.75 |
|   Order |   Mant |           x |   e^x |   Order of e^x |       e^x-1 |   order of e^x-1 |   (e^x-1)/x |   (e^x-1)/order_Term |
|---------+--------+-------------+-------+----------------+-------------+------------------+-------------+----------------------|
|     -37 |   0.25 | 1.81899e-12 |     1 |    2.62425e-12 | 1.81899e-12 |         -39      |           1 |                 0.25 |
|     -37 |   0.5  | 3.63798e-12 |     1 |    5.24849e-12 | 3.63798e-12 |         -38      |           1 |                 0.5  |
|     -37 |   0.75 | 5.45697e-12 |     1 |    7.87274e-12 | 5.45697e-12 |         -37.415  |           1 |                 0.75 |
|     -37 |   1    | 7.27596e-12 |     1 |    1.0497e-11  | 7.27596e-12 |         -37      |           1 |                 1    |
|     -37 |   1.25 | 9.09495e-12 |     1 |    1.31212e-11 | 9.09495e-12 |         -36.6781 |           1 |                 1.25 |
|     -37 |   1.5  | 1.09139e-11 |     1 |    1.57455e-11 | 1.09139e-11 |         -36.415  |           1 |                 1.5  |
|     -37 |   1.75 | 1.27329e-11 |     1 |    1.83697e-11 | 1.27329e-11 |         -36.1926 |           1 |                 1.75 |
|   Order |   Mant |           x |   e^x |   Order of e^x |       e^x-1 |   order of e^x-1 |   (e^x-1)/x |   (e^x-1)/order_Term |
|---------+--------+-------------+-------+----------------+-------------+------------------+-------------+----------------------|
|     -36 |   0.25 | 3.63798e-12 |     1 |    5.24849e-12 | 3.63798e-12 |         -38      |           1 |                 0.25 |
|     -36 |   0.5  | 7.27596e-12 |     1 |    1.0497e-11  | 7.27596e-12 |         -37      |           1 |                 0.5  |
|     -36 |   0.75 | 1.09139e-11 |     1 |    1.57455e-11 | 1.09139e-11 |         -36.415  |           1 |                 0.75 |
|     -36 |   1    | 1.45519e-11 |     1 |    2.0994e-11  | 1.45519e-11 |         -36      |           1 |                 1    |
|     -36 |   1.25 | 1.81899e-11 |     1 |    2.62425e-11 | 1.81899e-11 |         -35.6781 |           1 |                 1.25 |
|     -36 |   1.5  | 2.18279e-11 |     1 |    3.1491e-11  | 2.18279e-11 |         -35.415  |           1 |                 1.5  |
|     -36 |   1.75 | 2.54659e-11 |     1 |    3.67395e-11 | 2.54659e-11 |         -35.1926 |           1 |                 1.75 |
|   Order |   Mant |           x |   e^x |   Order of e^x |       e^x-1 |   order of e^x-1 |   (e^x-1)/x |   (e^x-1)/order_Term |
|---------+--------+-------------+-------+----------------+-------------+------------------+-------------+----------------------|
|     -35 |   0.25 | 7.27596e-12 |     1 |    1.0497e-11  | 7.27596e-12 |         -37      |           1 |                 0.25 |
|     -35 |   0.5  | 1.45519e-11 |     1 |    2.0994e-11  | 1.45519e-11 |         -36      |           1 |                 0.5  |
|     -35 |   0.75 | 2.18279e-11 |     1 |    3.1491e-11  | 2.18279e-11 |         -35.415  |           1 |                 0.75 |
|     -35 |   1    | 2.91038e-11 |     1 |    4.1988e-11  | 2.91038e-11 |         -35      |           1 |                 1    |
|     -35 |   1.25 | 3.63798e-11 |     1 |    5.24849e-11 | 3.63798e-11 |         -34.6781 |           1 |                 1.25 |
|     -35 |   1.5  | 4.36557e-11 |     1 |    6.29819e-11 | 4.36557e-11 |         -34.415  |           1 |                 1.5  |
|     -35 |   1.75 | 5.09317e-11 |     1 |    7.34789e-11 | 5.09317e-11 |         -34.1926 |           1 |                 1.75 |
|   Order |   Mant |           x |   e^x |   Order of e^x |       e^x-1 |   order of e^x-1 |   (e^x-1)/x |   (e^x-1)/order_Term |
|---------+--------+-------------+-------+----------------+-------------+------------------+-------------+----------------------|
|     -34 |   0.25 | 1.45519e-11 |     1 |    2.0994e-11  | 1.45519e-11 |         -36      |           1 |                 0.25 |
|     -34 |   0.5  | 2.91038e-11 |     1 |    4.1988e-11  | 2.91038e-11 |         -35      |           1 |                 0.5  |
|     -34 |   0.75 | 4.36557e-11 |     1 |    6.29819e-11 | 4.36557e-11 |         -34.415  |           1 |                 0.75 |
|     -34 |   1    | 5.82077e-11 |     1 |    8.39759e-11 | 5.82077e-11 |         -34      |           1 |                 1    |
|     -34 |   1.25 | 7.27596e-11 |     1 |    1.0497e-10  | 7.27596e-11 |         -33.6781 |           1 |                 1.25 |
|     -34 |   1.5  | 8.73115e-11 |     1 |    1.25964e-10 | 8.73115e-11 |         -33.415  |           1 |                 1.5  |
|     -34 |   1.75 | 1.01863e-10 |     1 |    1.46958e-10 | 1.01863e-10 |         -33.1926 |           1 |                 1.75 |
|   Order |   Mant |           x |   e^x |   Order of e^x |       e^x-1 |   order of e^x-1 |   (e^x-1)/x |   (e^x-1)/order_Term |
|---------+--------+-------------+-------+----------------+-------------+------------------+-------------+----------------------|
|     -33 |   0.25 | 2.91038e-11 |     1 |    4.1988e-11  | 2.91038e-11 |         -35      |           1 |                 0.25 |
|     -33 |   0.5  | 5.82077e-11 |     1 |    8.39759e-11 | 5.82077e-11 |         -34      |           1 |                 0.5  |
|     -33 |   0.75 | 8.73115e-11 |     1 |    1.25964e-10 | 8.73115e-11 |         -33.415  |           1 |                 0.75 |
|     -33 |   1    | 1.16415e-10 |     1 |    1.67952e-10 | 1.16415e-10 |         -33      |           1 |                 1    |
|     -33 |   1.25 | 1.45519e-10 |     1 |    2.0994e-10  | 1.45519e-10 |         -32.6781 |           1 |                 1.25 |
|     -33 |   1.5  | 1.74623e-10 |     1 |    2.51928e-10 | 1.74623e-10 |         -32.415  |           1 |                 1.5  |
|     -33 |   1.75 | 2.03727e-10 |     1 |    2.93916e-10 | 2.03727e-10 |         -32.1926 |           1 |                 1.75 |
|   Order |   Mant |           x |   e^x |   Order of e^x |       e^x-1 |   order of e^x-1 |   (e^x-1)/x |   (e^x-1)/order_Term |
|---------+--------+-------------+-------+----------------+-------------+------------------+-------------+----------------------|
|     -32 |   0.25 | 5.82077e-11 |     1 |    8.39759e-11 | 5.82077e-11 |         -34      |           1 |                 0.25 |
|     -32 |   0.5  | 1.16415e-10 |     1 |    1.67952e-10 | 1.16415e-10 |         -33      |           1 |                 0.5  |
|     -32 |   0.75 | 1.74623e-10 |     1 |    2.51928e-10 | 1.74623e-10 |         -32.415  |           1 |                 0.75 |
|     -32 |   1    | 2.32831e-10 |     1 |    3.35904e-10 | 2.32831e-10 |         -32      |           1 |                 1    |
|     -32 |   1.25 | 2.91038e-10 |     1 |    4.1988e-10  | 2.91038e-10 |         -31.6781 |           1 |                 1.25 |
|     -32 |   1.5  | 3.49246e-10 |     1 |    5.03855e-10 | 3.49246e-10 |         -31.415  |           1 |                 1.5  |
|     -32 |   1.75 | 4.07454e-10 |     1 |    5.87831e-10 | 4.07454e-10 |         -31.1926 |           1 |                 1.75 |
|   Order |   Mant |           x |   e^x |   Order of e^x |       e^x-1 |   order of e^x-1 |   (e^x-1)/x |   (e^x-1)/order_Term |
|---------+--------+-------------+-------+----------------+-------------+------------------+-------------+----------------------|
|     -31 |   0.25 | 1.16415e-10 |     1 |    1.67952e-10 | 1.16415e-10 |         -33      |           1 |                 0.25 |
|     -31 |   0.5  | 2.32831e-10 |     1 |    3.35904e-10 | 2.32831e-10 |         -32      |           1 |                 0.5  |
|     -31 |   0.75 | 3.49246e-10 |     1 |    5.03855e-10 | 3.49246e-10 |         -31.415  |           1 |                 0.75 |
|     -31 |   1    | 4.65661e-10 |     1 |    6.71807e-10 | 4.65661e-10 |         -31      |           1 |                 1    |
|     -31 |   1.25 | 5.82077e-10 |     1 |    8.39759e-10 | 5.82077e-10 |         -30.6781 |           1 |                 1.25 |
|     -31 |   1.5  | 6.98492e-10 |     1 |    1.00771e-09 | 6.98492e-10 |         -30.415  |           1 |                 1.5  |
|     -31 |   1.75 | 8.14907e-10 |     1 |    1.17566e-09 | 8.14907e-10 |         -30.1926 |           1 |                 1.75 |
|   Order |   Mant |           x |   e^x |   Order of e^x |       e^x-1 |   order of e^x-1 |   (e^x-1)/x |   (e^x-1)/order_Term |
|---------+--------+-------------+-------+----------------+-------------+------------------+-------------+----------------------|
|     -30 |   0.25 | 2.32831e-10 |     1 |    3.35904e-10 | 2.32831e-10 |         -32      |           1 |                 0.25 |
|     -30 |   0.5  | 4.65661e-10 |     1 |    6.71807e-10 | 4.65661e-10 |         -31      |           1 |                 0.5  |
|     -30 |   0.75 | 6.98492e-10 |     1 |    1.00771e-09 | 6.98492e-10 |         -30.415  |           1 |                 0.75 |
|     -30 |   1    | 9.31323e-10 |     1 |    1.34361e-09 | 9.31323e-10 |         -30      |           1 |                 1    |
|     -30 |   1.25 | 1.16415e-09 |     1 |    1.67952e-09 | 1.16415e-09 |         -29.6781 |           1 |                 1.25 |
|     -30 |   1.5  | 1.39698e-09 |     1 |    2.01542e-09 | 1.39698e-09 |         -29.415  |           1 |                 1.5  |
|     -30 |   1.75 | 1.62981e-09 |     1 |    2.35133e-09 | 1.62981e-09 |         -29.1926 |           1 |                 1.75 |
|   Order |   Mant |           x |   e^x |   Order of e^x |       e^x-1 |   order of e^x-1 |   (e^x-1)/x |   (e^x-1)/order_Term |
|---------+--------+-------------+-------+----------------+-------------+------------------+-------------+----------------------|
|     -29 |   0.25 | 4.65661e-10 |     1 |    6.71807e-10 | 4.65661e-10 |         -31      |           1 |                 0.25 |
|     -29 |   0.5  | 9.31323e-10 |     1 |    1.34361e-09 | 9.31323e-10 |         -30      |           1 |                 0.5  |
|     -29 |   0.75 | 1.39698e-09 |     1 |    2.01542e-09 | 1.39698e-09 |         -29.415  |           1 |                 0.75 |
|     -29 |   1    | 1.86265e-09 |     1 |    2.68723e-09 | 1.86265e-09 |         -29      |           1 |                 1    |
|     -29 |   1.25 | 2.32831e-09 |     1 |    3.35904e-09 | 2.32831e-09 |         -28.6781 |           1 |                 1.25 |
|     -29 |   1.5  | 2.79397e-09 |     1 |    4.03084e-09 | 2.79397e-09 |         -28.415  |           1 |                 1.5  |
|     -29 |   1.75 | 3.25963e-09 |     1 |    4.70265e-09 | 3.25963e-09 |         -28.1926 |           1 |                 1.75 |
|   Order |   Mant |           x |   e^x |   Order of e^x |       e^x-1 |   order of e^x-1 |   (e^x-1)/x |   (e^x-1)/order_Term |
|---------+--------+-------------+-------+----------------+-------------+------------------+-------------+----------------------|
|     -28 |   0.25 | 9.31323e-10 |     1 |    1.34361e-09 | 9.31323e-10 |         -30      |           1 |                 0.25 |
|     -28 |   0.5  | 1.86265e-09 |     1 |    2.68723e-09 | 1.86265e-09 |         -29      |           1 |                 0.5  |
|     -28 |   0.75 | 2.79397e-09 |     1 |    4.03084e-09 | 2.79397e-09 |         -28.415  |           1 |                 0.75 |
|     -28 |   1    | 3.72529e-09 |     1 |    5.37446e-09 | 3.72529e-09 |         -28      |           1 |                 1    |
|     -28 |   1.25 | 4.65661e-09 |     1 |    6.71807e-09 | 4.65661e-09 |         -27.6781 |           1 |                 1.25 |
|     -28 |   1.5  | 5.58794e-09 |     1 |    8.06169e-09 | 5.58794e-09 |         -27.415  |           1 |                 1.5  |
|     -28 |   1.75 | 6.51926e-09 |     1 |    9.4053e-09  | 6.51926e-09 |         -27.1926 |           1 |                 1.75 |
|   Order |   Mant |           x |   e^x |   Order of e^x |       e^x-1 |   order of e^x-1 |   (e^x-1)/x |   (e^x-1)/order_Term |
|---------+--------+-------------+-------+----------------+-------------+------------------+-------------+----------------------|
|     -27 |   0.25 | 1.86265e-09 |     1 |    2.68723e-09 | 1.86265e-09 |         -29      |           1 |                 0.25 |
|     -27 |   0.5  | 3.72529e-09 |     1 |    5.37446e-09 | 3.72529e-09 |         -28      |           1 |                 0.5  |
|     -27 |   0.75 | 5.58794e-09 |     1 |    8.06169e-09 | 5.58794e-09 |         -27.415  |           1 |                 0.75 |
|     -27 |   1    | 7.45058e-09 |     1 |    1.07489e-08 | 7.45058e-09 |         -27      |           1 |                 1    |
|     -27 |   1.25 | 9.31323e-09 |     1 |    1.34361e-08 | 9.31323e-09 |         -26.6781 |           1 |                 1.25 |
|     -27 |   1.5  | 1.11759e-08 |     1 |    1.61234e-08 | 1.11759e-08 |         -26.415  |           1 |                 1.5  |
|     -27 |   1.75 | 1.30385e-08 |     1 |    1.88106e-08 | 1.30385e-08 |         -26.1926 |           1 |                 1.75 |
|   Order |   Mant |           x |   e^x |   Order of e^x |       e^x-1 |   order of e^x-1 |   (e^x-1)/x |   (e^x-1)/order_Term |
|---------+--------+-------------+-------+----------------+-------------+------------------+-------------+----------------------|
|     -26 |   0.25 | 3.72529e-09 |     1 |    5.37446e-09 | 3.72529e-09 |         -28      |           1 |                 0.25 |
|     -26 |   0.5  | 7.45058e-09 |     1 |    1.07489e-08 | 7.45058e-09 |         -27      |           1 |                 0.5  |
|     -26 |   0.75 | 1.11759e-08 |     1 |    1.61234e-08 | 1.11759e-08 |         -26.415  |           1 |                 0.75 |
|     -26 |   1    | 1.49012e-08 |     1 |    2.14978e-08 | 1.49012e-08 |         -26      |           1 |                 1    |
|     -26 |   1.25 | 1.86265e-08 |     1 |    2.68723e-08 | 1.86265e-08 |         -25.6781 |           1 |                 1.25 |
|     -26 |   1.5  | 2.23517e-08 |     1 |    3.22467e-08 | 2.23517e-08 |         -25.415  |           1 |                 1.5  |
|     -26 |   1.75 | 2.6077e-08  |     1 |    3.76212e-08 | 2.6077e-08  |         -25.1926 |           1 |                 1.75 |
|   Order |   Mant |           x |   e^x |   Order of e^x |       e^x-1 |   order of e^x-1 |   (e^x-1)/x |   (e^x-1)/order_Term |
|---------+--------+-------------+-------+----------------+-------------+------------------+-------------+----------------------|
|     -25 |   0.25 | 7.45058e-09 |     1 |    1.07489e-08 | 7.45058e-09 |         -27      |           1 |                 0.25 |
|     -25 |   0.5  | 1.49012e-08 |     1 |    2.14978e-08 | 1.49012e-08 |         -26      |           1 |                 0.5  |
|     -25 |   0.75 | 2.23517e-08 |     1 |    3.22467e-08 | 2.23517e-08 |         -25.415  |           1 |                 0.75 |
|     -25 |   1    | 2.98023e-08 |     1 |    4.29957e-08 | 2.98023e-08 |         -25      |           1 |                 1    |
|     -25 |   1.25 | 3.72529e-08 |     1 |    5.37446e-08 | 3.72529e-08 |         -24.6781 |           1 |                 1.25 |
|     -25 |   1.5  | 4.47035e-08 |     1 |    6.44935e-08 | 4.47035e-08 |         -24.415  |           1 |                 1.5  |
|     -25 |   1.75 | 5.21541e-08 |     1 |    7.52424e-08 | 5.21541e-08 |         -24.1926 |           1 |                 1.75 |
|   Order |   Mant |           x |   e^x |   Order of e^x |       e^x-1 |   order of e^x-1 |   (e^x-1)/x |   (e^x-1)/order_Term |
|---------+--------+-------------+-------+----------------+-------------+------------------+-------------+----------------------|
|     -24 |   0.25 | 1.49012e-08 |     1 |    2.14978e-08 | 1.49012e-08 |         -26      |           1 |                 0.25 |
|     -24 |   0.5  | 2.98023e-08 |     1 |    4.29957e-08 | 2.98023e-08 |         -25      |           1 |                 0.5  |
|     -24 |   0.75 | 4.47035e-08 |     1 |    6.44935e-08 | 4.47035e-08 |         -24.415  |           1 |                 0.75 |
|     -24 |   1    | 5.96046e-08 |     1 |    8.59913e-08 | 5.96046e-08 |         -24      |           1 |                 1    |
|     -24 |   1.25 | 7.45058e-08 |     1 |    1.07489e-07 | 7.45058e-08 |         -23.6781 |           1 |                 1.25 |
|     -24 |   1.5  | 8.9407e-08  |     1 |    1.28987e-07 | 8.9407e-08  |         -23.415  |           1 |                 1.5  |
|     -24 |   1.75 | 1.04308e-07 |     1 |    1.50485e-07 | 1.04308e-07 |         -23.1926 |           1 |                 1.75 |
|   Order |   Mant |           x |   e^x |   Order of e^x |       e^x-1 |   order of e^x-1 |   (e^x-1)/x |   (e^x-1)/order_Term |
|---------+--------+-------------+-------+----------------+-------------+------------------+-------------+----------------------|
|     -23 |   0.25 | 2.98023e-08 |     1 |    4.29957e-08 | 2.98023e-08 |         -25      |           1 |                 0.25 |
|     -23 |   0.5  | 5.96046e-08 |     1 |    8.59913e-08 | 5.96046e-08 |         -24      |           1 |                 0.5  |
|     -23 |   0.75 | 8.9407e-08  |     1 |    1.28987e-07 | 8.9407e-08  |         -23.415  |           1 |                 0.75 |
|     -23 |   1    | 1.19209e-07 |     1 |    1.71983e-07 | 1.19209e-07 |         -23      |           1 |                 1    |
|     -23 |   1.25 | 1.49012e-07 |     1 |    2.14978e-07 | 1.49012e-07 |         -22.6781 |           1 |                 1.25 |
|     -23 |   1.5  | 1.78814e-07 |     1 |    2.57974e-07 | 1.78814e-07 |         -22.415  |           1 |                 1.5  |
|     -23 |   1.75 | 2.08616e-07 |     1 |    3.0097e-07  | 2.08616e-07 |         -22.1926 |           1 |                 1.75 |
|   Order |   Mant |           x |   e^x |   Order of e^x |       e^x-1 |   order of e^x-1 |   (e^x-1)/x |   (e^x-1)/order_Term |
|---------+--------+-------------+-------+----------------+-------------+------------------+-------------+----------------------|
|     -22 |   0.25 | 5.96046e-08 |     1 |    8.59913e-08 | 5.96046e-08 |         -24      |           1 |                 0.25 |
|     -22 |   0.5  | 1.19209e-07 |     1 |    1.71983e-07 | 1.19209e-07 |         -23      |           1 |                 0.5  |
|     -22 |   0.75 | 1.78814e-07 |     1 |    2.57974e-07 | 1.78814e-07 |         -22.415  |           1 |                 0.75 |
|     -22 |   1    | 2.38419e-07 |     1 |    3.43965e-07 | 2.38419e-07 |         -22      |           1 |                 1    |
|     -22 |   1.25 | 2.98023e-07 |     1 |    4.29957e-07 | 2.98023e-07 |         -21.6781 |           1 |                 1.25 |
|     -22 |   1.5  | 3.57628e-07 |     1 |    5.15948e-07 | 3.57628e-07 |         -21.415  |           1 |                 1.5  |
|     -22 |   1.75 | 4.17233e-07 |     1 |    6.01939e-07 | 4.17233e-07 |         -21.1926 |           1 |                 1.75 |
|   Order |   Mant |           x |   e^x |   Order of e^x |       e^x-1 |   order of e^x-1 |   (e^x-1)/x |   (e^x-1)/order_Term |
|---------+--------+-------------+-------+----------------+-------------+------------------+-------------+----------------------|
|     -21 |   0.25 | 1.19209e-07 |     1 |    1.71983e-07 | 1.19209e-07 |         -23      |           1 |                 0.25 |
|     -21 |   0.5  | 2.38419e-07 |     1 |    3.43965e-07 | 2.38419e-07 |         -22      |           1 |                 0.5  |
|     -21 |   0.75 | 3.57628e-07 |     1 |    5.15948e-07 | 3.57628e-07 |         -21.415  |           1 |                 0.75 |
|     -21 |   1    | 4.76837e-07 |     1 |    6.87931e-07 | 4.76837e-07 |         -21      |           1 |                 1    |
|     -21 |   1.25 | 5.96046e-07 |     1 |    8.59913e-07 | 5.96047e-07 |         -20.6781 |           1 |                 1.25 |
|     -21 |   1.5  | 7.15256e-07 |     1 |    1.0319e-06  | 7.15256e-07 |         -20.415  |           1 |                 1.5  |
|     -21 |   1.75 | 8.34465e-07 |     1 |    1.20388e-06 | 8.34465e-07 |         -20.1926 |           1 |                 1.75 |
|   Order |   Mant |           x |   e^x |   Order of e^x |       e^x-1 |   order of e^x-1 |   (e^x-1)/x |   (e^x-1)/order_Term |
|---------+--------+-------------+-------+----------------+-------------+------------------+-------------+----------------------|
|     -20 |   0.25 | 2.38419e-07 |     1 |    3.43965e-07 | 2.38419e-07 |         -22      |           1 |                 0.25 |
|     -20 |   0.5  | 4.76837e-07 |     1 |    6.87931e-07 | 4.76837e-07 |         -21      |           1 |                 0.5  |
|     -20 |   0.75 | 7.15256e-07 |     1 |    1.0319e-06  | 7.15256e-07 |         -20.415  |           1 |                 0.75 |
|     -20 |   1    | 9.53674e-07 |     1 |    1.37586e-06 | 9.53675e-07 |         -20      |           1 |                 1    |
|     -20 |   1.25 | 1.19209e-06 |     1 |    1.71983e-06 | 1.19209e-06 |         -19.6781 |           1 |                 1.25 |
|     -20 |   1.5  | 1.43051e-06 |     1 |    2.06379e-06 | 1.43051e-06 |         -19.415  |           1 |                 1.5  |
|     -20 |   1.75 | 1.66893e-06 |     1 |    2.40776e-06 | 1.66893e-06 |         -19.1926 |           1 |                 1.75 |
|   Order |   Mant |           x |   e^x |   Order of e^x |       e^x-1 |   order of e^x-1 |   (e^x-1)/x |   (e^x-1)/order_Term |
|---------+--------+-------------+-------+----------------+-------------+------------------+-------------+----------------------|
|     -19 |   0.25 | 4.76837e-07 |     1 |    6.87931e-07 | 4.76837e-07 |         -21      |           1 |             0.25     |
|     -19 |   0.5  | 9.53674e-07 |     1 |    1.37586e-06 | 9.53675e-07 |         -20      |           1 |             0.5      |
|     -19 |   0.75 | 1.43051e-06 |     1 |    2.06379e-06 | 1.43051e-06 |         -19.415  |           1 |             0.750001 |
|     -19 |   1    | 1.90735e-06 |     1 |    2.75172e-06 | 1.90735e-06 |         -19      |           1 |             1        |
|     -19 |   1.25 | 2.38419e-06 |     1 |    3.43965e-06 | 2.38419e-06 |         -18.6781 |           1 |             1.25     |
|     -19 |   1.5  | 2.86102e-06 |     1 |    4.12758e-06 | 2.86103e-06 |         -18.415  |           1 |             1.5      |
|     -19 |   1.75 | 3.33786e-06 |     1 |    4.81551e-06 | 3.33787e-06 |         -18.1926 |           1 |             1.75     |
|   Order |   Mant |           x |     e^x |   Order of e^x |       e^x-1 |   order of e^x-1 |   (e^x-1)/x |   (e^x-1)/order_Term |
|---------+--------+-------------+---------+----------------+-------------+------------------+-------------+----------------------|
|     -18 |   0.25 | 9.53674e-07 | 1       |    1.37586e-06 | 9.53675e-07 |         -20      |           1 |             0.25     |
|     -18 |   0.5  | 1.90735e-06 | 1       |    2.75172e-06 | 1.90735e-06 |         -19      |           1 |             0.5      |
|     -18 |   0.75 | 2.86102e-06 | 1       |    4.12758e-06 | 2.86103e-06 |         -18.415  |           1 |             0.750001 |
|     -18 |   1    | 3.8147e-06  | 1       |    5.50344e-06 | 3.8147e-06  |         -18      |           1 |             1        |
|     -18 |   1.25 | 4.76837e-06 | 1       |    6.87931e-06 | 4.76838e-06 |         -17.6781 |           1 |             1.25     |
|     -18 |   1.5  | 5.72205e-06 | 1.00001 |    8.25517e-06 | 5.72206e-06 |         -17.415  |           1 |             1.5      |
|     -18 |   1.75 | 6.67572e-06 | 1.00001 |    9.63103e-06 | 6.67574e-06 |         -17.1926 |           1 |             1.75001  |
|   Order |   Mant |           x |     e^x |   Order of e^x |       e^x-1 |   order of e^x-1 |   (e^x-1)/x |   (e^x-1)/order_Term |
|---------+--------+-------------+---------+----------------+-------------+------------------+-------------+----------------------|
|     -17 |   0.25 | 1.90735e-06 | 1       |    2.75172e-06 | 1.90735e-06 |         -19      |     1       |             0.25     |
|     -17 |   0.5  | 3.8147e-06  | 1       |    5.50344e-06 | 3.8147e-06  |         -18      |     1       |             0.500001 |
|     -17 |   0.75 | 5.72205e-06 | 1.00001 |    8.25517e-06 | 5.72206e-06 |         -17.415  |     1       |             0.750002 |
|     -17 |   1    | 7.62939e-06 | 1.00001 |    1.10069e-05 | 7.62942e-06 |         -17      |     1       |             1        |
|     -17 |   1.25 | 9.53674e-06 | 1.00001 |    1.37586e-05 | 9.53679e-06 |         -16.6781 |     1       |             1.25001  |
|     -17 |   1.5  | 1.14441e-05 | 1.00001 |    1.65103e-05 | 1.14442e-05 |         -16.415  |     1.00001 |             1.50001  |
|     -17 |   1.75 | 1.33514e-05 | 1.00001 |    1.92621e-05 | 1.33515e-05 |         -16.1926 |     1.00001 |             1.75001  |
|   Order |   Mant |           x |     e^x |   Order of e^x |       e^x-1 |   order of e^x-1 |   (e^x-1)/x |   (e^x-1)/order_Term |
|---------+--------+-------------+---------+----------------+-------------+------------------+-------------+----------------------|
|     -16 |   0.25 | 3.8147e-06  | 1       |    5.50344e-06 | 3.8147e-06  |         -18      |     1       |             0.25     |
|     -16 |   0.5  | 7.62939e-06 | 1.00001 |    1.10069e-05 | 7.62942e-06 |         -17      |     1       |             0.500002 |
|     -16 |   0.75 | 1.14441e-05 | 1.00001 |    1.65103e-05 | 1.14442e-05 |         -16.415  |     1.00001 |             0.750004 |
|     -16 |   1    | 1.52588e-05 | 1.00002 |    2.20138e-05 | 1.52589e-05 |         -16      |     1.00001 |             1.00001  |
|     -16 |   1.25 | 1.90735e-05 | 1.00002 |    2.75172e-05 | 1.90737e-05 |         -15.6781 |     1.00001 |             1.25001  |
|     -16 |   1.5  | 2.28882e-05 | 1.00002 |    3.30207e-05 | 2.28884e-05 |         -15.415  |     1.00001 |             1.50002  |
|     -16 |   1.75 | 2.67029e-05 | 1.00003 |    3.85241e-05 | 2.67032e-05 |         -15.1926 |     1.00001 |             1.75002  |
|   Order |   Mant |           x |     e^x |   Order of e^x |       e^x-1 |   order of e^x-1 |   (e^x-1)/x |   (e^x-1)/order_Term |
|---------+--------+-------------+---------+----------------+-------------+------------------+-------------+----------------------|
|     -15 |   0.25 | 7.62939e-06 | 1.00001 |    1.10069e-05 | 7.62942e-06 |         -17      |     1       |             0.250001 |
|     -15 |   0.5  | 1.52588e-05 | 1.00002 |    2.20138e-05 | 1.52589e-05 |         -16      |     1.00001 |             0.500004 |
|     -15 |   0.75 | 2.28882e-05 | 1.00002 |    3.30207e-05 | 2.28884e-05 |         -15.415  |     1.00001 |             0.750009 |
|     -15 |   1    | 3.05176e-05 | 1.00003 |    4.40276e-05 | 3.0518e-05  |         -15      |     1.00002 |             1.00002  |
|     -15 |   1.25 | 3.8147e-05  | 1.00004 |    5.50344e-05 | 3.81477e-05 |         -14.678  |     1.00002 |             1.25002  |
|     -15 |   1.5  | 4.57764e-05 | 1.00005 |    6.60413e-05 | 4.57774e-05 |         -14.415  |     1.00002 |             1.50003  |
|     -15 |   1.75 | 5.34058e-05 | 1.00005 |    7.70482e-05 | 5.34072e-05 |         -14.1926 |     1.00003 |             1.75005  |
|   Order |   Mant |           x |     e^x |   Order of e^x |       e^x-1 |   order of e^x-1 |   (e^x-1)/x |   (e^x-1)/order_Term |
|---------+--------+-------------+---------+----------------+-------------+------------------+-------------+----------------------|
|     -14 |   0.25 | 1.52588e-05 | 1.00002 |    2.20138e-05 | 1.52589e-05 |         -16      |     1.00001 |             0.250002 |
|     -14 |   0.5  | 3.05176e-05 | 1.00003 |    4.40276e-05 | 3.0518e-05  |         -15      |     1.00002 |             0.500008 |
|     -14 |   0.75 | 4.57764e-05 | 1.00005 |    6.60413e-05 | 4.57774e-05 |         -14.415  |     1.00002 |             0.750017 |
|     -14 |   1    | 6.10352e-05 | 1.00006 |    8.80551e-05 | 6.1037e-05  |         -14      |     1.00003 |             1.00003  |
|     -14 |   1.25 | 7.62939e-05 | 1.00008 |    0.000110069 | 7.62969e-05 |         -13.678  |     1.00004 |             1.25005  |
|     -14 |   1.5  | 9.15527e-05 | 1.00009 |    0.000132083 | 9.15569e-05 |         -13.415  |     1.00005 |             1.50007  |
|     -14 |   1.75 | 0.000106812 | 1.00011 |    0.000154096 | 0.000106817 |         -13.1926 |     1.00005 |             1.75009  |
|   Order |   Mant |           x |     e^x |   Order of e^x |       e^x-1 |   order of e^x-1 |   (e^x-1)/x |   (e^x-1)/order_Term |
|---------+--------+-------------+---------+----------------+-------------+------------------+-------------+----------------------|
|     -13 |   0.25 | 3.05176e-05 | 1.00003 |    4.40276e-05 | 3.0518e-05  |         -15      |     1.00002 |             0.250004 |
|     -13 |   0.5  | 6.10352e-05 | 1.00006 |    8.80551e-05 | 6.1037e-05  |         -14      |     1.00003 |             0.500015 |
|     -13 |   0.75 | 9.15527e-05 | 1.00009 |    0.000132083 | 9.15569e-05 |         -13.415  |     1.00005 |             0.750034 |
|     -13 |   1    | 0.00012207  | 1.00012 |    0.00017611  | 0.000122078 |         -12.9999 |     1.00006 |             1.00006  |
|     -13 |   1.25 | 0.000152588 | 1.00015 |    0.000220138 | 0.0001526   |         -12.678  |     1.00008 |             1.2501   |
|     -13 |   1.5  | 0.000183105 | 1.00018 |    0.000264165 | 0.000183122 |         -12.4149 |     1.00009 |             1.50014  |
|     -13 |   1.75 | 0.000213623 | 1.00021 |    0.000308193 | 0.000213646 |         -12.1925 |     1.00011 |             1.75019  |
|   Order |   Mant |           x |     e^x |   Order of e^x |       e^x-1 |   order of e^x-1 |   (e^x-1)/x |   (e^x-1)/order_Term |
|---------+--------+-------------+---------+----------------+-------------+------------------+-------------+----------------------|
|     -12 |   0.25 | 6.10352e-05 | 1.00006 |    8.80551e-05 | 6.1037e-05  |         -14      |     1.00003 |             0.250008 |
|     -12 |   0.5  | 0.00012207  | 1.00012 |    0.00017611  | 0.000122078 |         -12.9999 |     1.00006 |             0.500031 |
|     -12 |   0.75 | 0.000183105 | 1.00018 |    0.000264165 | 0.000183122 |         -12.4149 |     1.00009 |             0.750069 |
|     -12 |   1    | 0.000244141 | 1.00024 |    0.00035222  | 0.00024417  |         -11.9998 |     1.00012 |             1.00012  |
|     -12 |   1.25 | 0.000305176 | 1.00031 |    0.000440276 | 0.000305222 |         -11.6779 |     1.00015 |             1.25019  |
|     -12 |   1.5  | 0.000366211 | 1.00037 |    0.000528331 | 0.000366278 |         -11.4148 |     1.00018 |             1.50027  |
|     -12 |   1.75 | 0.000427246 | 1.00043 |    0.000616386 | 0.000427337 |         -11.1923 |     1.00021 |             1.75037  |
|   Order |   Mant |           x |     e^x |   Order of e^x |       e^x-1 |   order of e^x-1 |   (e^x-1)/x |   (e^x-1)/order_Term |
|---------+--------+-------------+---------+----------------+-------------+------------------+-------------+----------------------|
|     -11 |   0.25 | 0.00012207  | 1.00012 |    0.00017611  | 0.000122078 |         -12.9999 |     1.00006 |             0.250015 |
|     -11 |   0.5  | 0.000244141 | 1.00024 |    0.00035222  | 0.00024417  |         -11.9998 |     1.00012 |             0.500061 |
|     -11 |   0.75 | 0.000366211 | 1.00037 |    0.000528331 | 0.000366278 |         -11.4148 |     1.00018 |             0.750137 |
|     -11 |   1    | 0.000488281 | 1.00049 |    0.000704441 | 0.0004884   |         -10.9996 |     1.00024 |             1.00024  |
|     -11 |   1.25 | 0.000610352 | 1.00061 |    0.000880551 | 0.000610538 |         -10.6776 |     1.00031 |             1.25038  |
|     -11 |   1.5  | 0.000732422 | 1.00073 |    0.00105666  | 0.00073269  |         -10.4145 |     1.00037 |             1.50055  |
|     -11 |   1.75 | 0.000854492 | 1.00085 |    0.00123277  | 0.000854857 |         -10.192  |     1.00043 |             1.75075  |
|   Order |   Mant |           x |     e^x |   Order of e^x |       e^x-1 |   order of e^x-1 |   (e^x-1)/x |   (e^x-1)/order_Term |
|---------+--------+-------------+---------+----------------+-------------+------------------+-------------+----------------------|
|     -10 |   0.25 | 0.000244141 | 1.00024 |    0.00035222  | 0.00024417  |        -11.9998  |     1.00012 |             0.250031 |
|     -10 |   0.5  | 0.000488281 | 1.00049 |    0.000704441 | 0.0004884   |        -10.9996  |     1.00024 |             0.500122 |
|     -10 |   0.75 | 0.000732422 | 1.00073 |    0.00105666  | 0.00073269  |        -10.4145  |     1.00037 |             0.750275 |
|     -10 |   1    | 0.000976562 | 1.00098 |    0.00140888  | 0.000977039 |         -9.9993  |     1.00049 |             1.00049  |
|     -10 |   1.25 | 0.0012207   | 1.00122 |    0.0017611   | 0.00122145  |         -9.67719 |     1.00061 |             1.25076  |
|     -10 |   1.5  | 0.00146484  | 1.00147 |    0.00211332  | 0.00146592  |         -9.41398 |     1.00073 |             1.5011   |
|     -10 |   1.75 | 0.00170898  | 1.00171 |    0.00246554  | 0.00171045  |         -9.19141 |     1.00085 |             1.7515   |
|   Order |   Mant |           x |     e^x |   Order of e^x |       e^x-1 |   order of e^x-1 |   (e^x-1)/x |   (e^x-1)/order_Term |
|---------+--------+-------------+---------+----------------+-------------+------------------+-------------+----------------------|
|      -9 |   0.25 | 0.000488281 | 1.00049 |    0.000704441 | 0.0004884   |        -10.9996  |     1.00024 |             0.250061 |
|      -9 |   0.5  | 0.000976562 | 1.00098 |    0.00140888  | 0.000977039 |         -9.9993  |     1.00049 |             0.500244 |
|      -9 |   0.75 | 0.00146484  | 1.00147 |    0.00211332  | 0.00146592  |         -9.41398 |     1.00073 |             0.75055  |
|      -9 |   1    | 0.00195312  | 1.00196 |    0.00281776  | 0.00195503  |         -8.99859 |     1.00098 |             1.00098  |
|      -9 |   1.25 | 0.00244141  | 1.00244 |    0.0035222   | 0.00244439  |         -8.67631 |     1.00122 |             1.25153  |
|      -9 |   1.5  | 0.00292969  | 1.00293 |    0.00422665  | 0.00293398  |         -8.41292 |     1.00147 |             1.5022   |
|      -9 |   1.75 | 0.00341797  | 1.00342 |    0.00493109  | 0.00342382  |         -8.19018 |     1.00171 |             1.75299  |
|   Order |   Mant |           x |     e^x |   Order of e^x |       e^x-1 |   order of e^x-1 |   (e^x-1)/x |   (e^x-1)/order_Term |
|---------+--------+-------------+---------+----------------+-------------+------------------+-------------+----------------------|
|      -8 |   0.25 | 0.000976562 | 1.00098 |     0.00140888 | 0.000977039 |         -9.9993  |     1.00049 |             0.250122 |
|      -8 |   0.5  | 0.00195312  | 1.00196 |     0.00281776 | 0.00195503  |         -8.99859 |     1.00098 |             0.500489 |
|      -8 |   0.75 | 0.00292969  | 1.00293 |     0.00422665 | 0.00293398  |         -8.41292 |     1.00147 |             0.7511   |
|      -8 |   1    | 0.00390625  | 1.00391 |     0.00563553 | 0.00391389  |         -7.99718 |     1.00196 |             1.00196  |
|      -8 |   1.25 | 0.00488281  | 1.00489 |     0.00704441 | 0.00489475  |         -7.67455 |     1.00245 |             1.25306  |
|      -8 |   1.5  | 0.00585938  | 1.00588 |     0.00845329 | 0.00587657  |         -7.41081 |     1.00294 |             1.5044   |
|      -8 |   1.75 | 0.00683594  | 1.00686 |     0.00986217 | 0.00685936  |         -7.18771 |     1.00343 |             1.756    |
|   Order |   Mant |          x |     e^x |   Order of e^x |      e^x-1 |   order of e^x-1 |   (e^x-1)/x |   (e^x-1)/order_Term |
|---------+--------+------------+---------+----------------+------------+------------------+-------------+----------------------|
|      -7 |   0.25 | 0.00195312 | 1.00196 |     0.00281776 | 0.00195503 |         -8.99859 |     1.00098 |             0.250244 |
|      -7 |   0.5  | 0.00390625 | 1.00391 |     0.00563553 | 0.00391389 |         -7.99718 |     1.00196 |             0.500978 |
|      -7 |   0.75 | 0.00585938 | 1.00588 |     0.00845329 | 0.00587657 |         -7.41081 |     1.00294 |             0.752202 |
|      -7 |   1    | 0.0078125  | 1.00784 |     0.0112711  | 0.0078431  |         -6.99436 |     1.00392 |             1.00392  |
|      -7 |   1.25 | 0.00976562 | 1.00981 |     0.0140888  | 0.00981346 |         -6.67102 |     1.0049  |             1.25612  |
|      -7 |   1.5  | 0.0117188  | 1.01179 |     0.0169066  | 0.0117877  |         -6.40658 |     1.00588 |             1.50882  |
|      -7 |   1.75 | 0.0136719  | 1.01377 |     0.0197243  | 0.0137658  |         -6.18277 |     1.00687 |             1.76202  |
|   Order |   Mant |          x |     e^x |   Order of e^x |      e^x-1 |   order of e^x-1 |   (e^x-1)/x |   (e^x-1)/order_Term |
|---------+--------+------------+---------+----------------+------------+------------------+-------------+----------------------|
|      -6 |   0.25 | 0.00390625 | 1.00391 |     0.00563553 | 0.00391389 |         -7.99718 |     1.00196 |             0.250489 |
|      -6 |   0.5  | 0.0078125  | 1.00784 |     0.0112711  | 0.0078431  |         -6.99436 |     1.00392 |             0.501958 |
|      -6 |   0.75 | 0.0117188  | 1.01179 |     0.0169066  | 0.0117877  |         -6.40658 |     1.00588 |             0.754412 |
|      -6 |   1    | 0.015625   | 1.01575 |     0.0225421  | 0.0157477  |         -5.98871 |     1.00785 |             1.00785  |
|      -6 |   1.25 | 0.0195312  | 1.01972 |     0.0281776  | 0.0197232  |         -5.66396 |     1.00983 |             1.26229  |
|      -6 |   1.5  | 0.0234375  | 1.02371 |     0.0338132  | 0.0237143  |         -5.3981  |     1.01181 |             1.51772  |
|      -6 |   1.75 | 0.0273438  | 1.02772 |     0.0394487  | 0.027721   |         -5.17288 |     1.0138  |             1.77415  |
|   Order |   Mant |         x |     e^x |   Order of e^x |     e^x-1 |   order of e^x-1 |   (e^x-1)/x |   (e^x-1)/order_Term |
|---------+--------+-----------+---------+----------------+-----------+------------------+-------------+----------------------|
|      -5 |   0.25 | 0.0078125 | 1.00784 |      0.0112711 | 0.0078431 |         -6.99436 |     1.00392 |             0.250979 |
|      -5 |   0.5  | 0.015625  | 1.01575 |      0.0225421 | 0.0157477 |         -5.98871 |     1.00785 |             0.503927 |
|      -5 |   0.75 | 0.0234375 | 1.02371 |      0.0338132 | 0.0237143 |         -5.3981  |     1.01181 |             0.758858 |
|      -5 |   1    | 0.03125   | 1.03174 |      0.0450842 | 0.0317434 |         -4.9774  |     1.01579 |             1.01579  |
|      -5 |   1.25 | 0.0390625 | 1.03984 |      0.0563553 | 0.0398355 |         -4.6498  |     1.01979 |             1.27474  |
|      -5 |   1.5  | 0.046875  | 1.04799 |      0.0676263 | 0.047991  |         -4.38109 |     1.02381 |             1.53571  |
|      -5 |   1.75 | 0.0546875 | 1.05621 |      0.0788974 | 0.0562105 |         -4.15302 |     1.02785 |             1.79874  |
|   Order |   Mant |        x |     e^x |   Order of e^x |     e^x-1 |   order of e^x-1 |   (e^x-1)/x |   (e^x-1)/order_Term |
|---------+--------+----------+---------+----------------+-----------+------------------+-------------+----------------------|
|      -4 |   0.25 | 0.015625 | 1.01575 |      0.0225421 | 0.0157477 |         -5.98871 |     1.00785 |             0.251963 |
|      -4 |   0.5  | 0.03125  | 1.03174 |      0.0450842 | 0.0317434 |         -4.9774  |     1.01579 |             0.507895 |
|      -4 |   0.75 | 0.046875 | 1.04799 |      0.0676263 | 0.047991  |         -4.38109 |     1.02381 |             0.767856 |
|      -4 |   1    | 0.0625   | 1.06449 |      0.0901684 | 0.0644945 |         -3.95468 |     1.03191 |             1.03191  |
|      -4 |   1.25 | 0.078125 | 1.08126 |      0.112711  | 0.0812578 |         -3.62135 |     1.0401  |             1.30012  |
|      -4 |   1.5  | 0.09375  | 1.09829 |      0.135253  | 0.0982851 |         -3.34688 |     1.04837 |             1.57256  |
|      -4 |   1.75 | 0.109375 | 1.11558 |      0.157795  | 0.115581  |         -3.11303 |     1.05674 |             1.84929  |
|   Order |   Mant |       x |     e^x |   Order of e^x |     e^x-1 |   order of e^x-1 |   (e^x-1)/x |   (e^x-1)/order_Term |
|---------+--------+---------+---------+----------------+-----------+------------------+-------------+----------------------|
|      -3 |   0.25 | 0.03125 | 1.03174 |      0.0450842 | 0.0317434 |         -4.9774  |     1.01579 |             0.253947 |
|      -3 |   0.5  | 0.0625  | 1.06449 |      0.0901684 | 0.0644945 |         -3.95468 |     1.03191 |             0.515956 |
|      -3 |   0.75 | 0.09375 | 1.09829 |      0.135253  | 0.0982851 |         -3.34688 |     1.04837 |             0.786281 |
|      -3 |   1    | 0.125   | 1.13315 |      0.180337  | 0.133148  |         -2.90889 |     1.06519 |             1.06519  |~1.00 * 2^-3
|      -3 |   1.25 | 0.15625 | 1.16912 |      0.225421  | 0.169118  |         -2.56389 |     1.08236 |             1.35295  |~1.01 * 2^-3
|      -3 |   1.5  | 0.1875  | 1.20623 |      0.270505  | 0.20623   |         -2.27767 |     1.09989 |             1.64984  |~1.10 * 2^-3
|      -3 |   1.75 | 0.21875 | 1.24452 |      0.31559   | 0.24452   |         -2.03197 |     1.11781 |             1.95616  |~1.11 * 2^-3 for ease
|   Order |   Mant |      x |     e^x |   Order of e^x |     e^x-1 |   order of e^x-1 |   (e^x-1)/x |   (e^x-1)/order_Term |
|---------+--------+--------+---------+----------------+-----------+------------------+-------------+----------------------|
|      -2 |   0.25 | 0.0625 | 1.06449 |      0.0901684 | 0.0644945 |        -3.95468  |     1.03191 |             0.257978 |
|      -2 |   0.5  | 0.125  | 1.13315 |      0.180337  | 0.133148  |        -2.90889  |     1.06519 |             0.532594 |
|      -2 |   0.75 | 0.1875 | 1.20623 |      0.270505  | 0.20623   |        -2.27767  |     1.09989 |             0.824921 |
|      -2 |   1    | 0.25   | 1.28403 |      0.360674  | 0.284025  |        -1.81591  |     1.1361  |             1.1361   |~1.00 * 2^-2
|      -2 |   1.25 | 0.3125 | 1.36684 |      0.450842  | 0.366838  |        -1.44679  |     1.17388 |             1.46735  |~1.10 * 2^-2
|      -2 |   1.5  | 0.375  | 1.45499 |      0.541011  | 0.454991  |        -1.13609  |     1.21331 |             1.81997  |~1.11 * 2^-2
|      -2 |   1.75 | 0.4375 | 1.54883 |      0.631179  | 0.54883   |        -0.865568 |     1.25447 |             2.19532  |~1.00 * 2^-2+1
|   Order |   Mant |     x |     e^x |   Order of e^x |    e^x-1 |   order of e^x-1 |   (e^x-1)/x |   (e^x-1)/order_Term |
|---------+--------+-------+---------+----------------+----------+------------------+-------------+----------------------|
|      -1 |   0.25 | 0.125 | 1.13315 |       0.180337 | 0.133148 |        -2.90889  |     1.06519 |             0.266297 |
|      -1 |   0.5  | 0.25  | 1.28403 |       0.360674 | 0.284025 |        -1.81591  |     1.1361  |             0.568051 |
|      -1 |   0.75 | 0.375 | 1.45499 |       0.541011 | 0.454991 |        -1.13609  |     1.21331 |             0.909983 |
|      -1 |   1    | 0.5   | 1.64872 |       0.721348 | 0.648721 |        -0.624329 |     1.29744 |             1.29744  |~1.01 * 2^-1
|      -1 |   1.25 | 0.625 | 1.86825 |       0.901684 | 0.868246 |        -0.203824 |     1.38919 |             1.73649  |~1.11 * 2^-1
|      -1 |   1.5  | 0.75  | 2.117   |       1.08202  | 1.117    |         0.159629 |     1.48933 |             2.234    |~1.00 * 2^-1+1
|      -1 |   1.75 | 0.875 | 2.39888 |       1.26236  | 1.39888  |         0.484267 |     1.59871 |             2.79775  |~1.01 * 2^-1+1 
|   Order |   Mant |    x |     e^x |   Order of e^x |    e^x-1 |   order of e^x-1 |   (e^x-1)/x |   (e^x-1)/order_Term |
|---------+--------+------+---------+----------------+----------+------------------+-------------+----------------------|
|       0 |   0.25 | 0.25 | 1.28403 |       0.360674 | 0.284025 |        -1.81591  |     1.1361  |             0.284025 |
|       0 |   0.5  | 0.5  | 1.64872 |       0.721348 | 0.648721 |        -0.624329 |     1.29744 |             0.648721 |
|       0 |   0.75 | 0.75 | 2.117   |       1.08202  | 1.117    |         0.159629 |     1.48933 |             1.117    |
|       0 |   1    | 1    | 2.71828 |       1.4427   | 1.71828  |         0.780967 |     1.71828 |             1.71828  |~1.11 * 2^0
|       0 |   1.25 | 1.25 | 3.49034 |       1.80337  | 2.49034  |         1.31634  |     1.99227 |             2.49034  |~1.01 * 2^0+1
|       0 |   1.5  | 1.5  | 4.48169 |       2.16404  | 3.48169  |         1.79979  |     2.32113 |             3.48169  |~1.11 * 2^0+1
|       0 |   1.75 | 1.75 | 5.7546  |       2.52472  | 4.7546   |         2.24932  |     2.71692 |             4.7546   |~1.01 * 2^0+2 for ease
|   Order |   Mant |   x |      e^x |   Order of e^x |    e^x-1 |   order of e^x-1 |   (e^x-1)/x |   (e^x-1)/order_Term |
|---------+--------+-----+----------+----------------+----------+------------------+-------------+----------------------|
|       1 |   1    | 2   |  7.38906 |        2.88539 |  6.38906 |          2.6756  |     3.19453 |              3.19453 |~1.10 * 2^1+1
|       1 |   1.25 | 2.5 | 12.1825  |        3.60674 | 11.1825  |          3.48317 |     4.473   |              5.59125 |~1.01 * 2^1+2
|       1 |   1.5  | 3   | 20.0855  |        4.32809 | 19.0855  |          4.25441 |     6.36185 |              9.54277 |~1.01 * 2^1+3
|       1 |   1.75 | 3.5 | 33.1155  |        5.04943 | 32.1155  |          5.0052  |     9.17584 |             16.0577  |~1.00 * 2^1+4
|   Order |   Mant |   x |       e^x |   Order of e^x |     e^x-1 |   order of e^x-1 |   (e^x-1)/x |   (e^x-1)/order_Term |
|---------+--------+-----+-----------+----------------+-----------+------------------+-------------+----------------------|
|       2 |   1    |   4 |   54.5982 |        5.77078 |   53.5982 |          5.74411 |     13.3995 |              13.3995 |~1.10 * 2^2+3
|       2 |   1.25 |   5 |  148.413  |        7.21348 |  147.413  |          7.20372 |     29.4826 |              36.8533 |~1.00 * 2^2+5
|       2 |   1.5  |   6 |  403.429  |        8.65617 |  402.429  |          8.65259 |     67.0715 |             100.607  |~1.10 * 2^2+6
|       2 |   1.75 |   7 | 1096.63   |       10.0989  | 1095.63   |         10.0975  |    156.519  |             273.908  |~1.00 * 2^2+8
|   Order |   Mant |   x |             e^x |   Order of e^x |           e^x-1 |   order of e^x-1 |   (e^x-1)/x |   (e^x-1)/order_Term |
|---------+--------+-----+-----------------+----------------+-----------------+------------------+-------------+----------------------|
|       3 |   1    |   8 |   2980.96       |        11.5416 |   2979.96       |          11.5411 |     372.495 |              372.495 |~1.10 * 2^3+8
|       3 |   1.25 |  10 |  22026.5        |        14.427  |  22025.5        |          14.4269 |    2202.55  |             2753.18  |~1.01 * 2^3+11
|       3 |   1.5  |  12 | 162755          |        17.3123 | 162754          |          17.3123 |   13562.8   |            20344.2   |~1.01 * 2^3+14
|       3 |   1.75 |  14 |      1.2026e+06 |        20.1977 |      1.2026e+06 |          20.1977 |   85900.2   |           150325     |~1.00 * 2^3+17
|   Order |   Mant |   x |         e^x |   Order of e^x |       e^x-1 |   order of e^x-1 |        (e^x-1)/x |   (e^x-1)/order_Term |
|---------+--------+-----+-------------+----------------+-------------+------------------+------------------+----------------------|
|       4 |   1    |  16 | 8.88611e+06 |        23.0831 | 8.88611e+06 |          23.0831 | 555382           |     555382           |~1.00 * 2^4+19
|       4 |   1.25 |  20 | 4.85165e+08 |        28.8539 | 4.85165e+08 |          28.8539 |      2.42583e+07 |          3.03228e+07 |~1.11 * 2^4+24
|       4 |   1.5  |  24 | 2.64891e+10 |        34.6247 | 2.64891e+10 |          34.6247 |      1.10371e+09 |          1.65557e+09 |overflow
|       4 |   1.75 |  28 | 1.44626e+12 |        40.3955 | 1.44626e+12 |          40.3955 |      5.1652e+10  |          9.03911e+10 |
|   Order |   Mant |   x |         e^x |   Order of e^x |       e^x-1 |   order of e^x-1 |   (e^x-1)/x |   (e^x-1)/order_Term |
|---------+--------+-----+-------------+----------------+-------------+------------------+-------------+----------------------|
|       5 |   1    |  32 | 7.8963e+13  |        46.1662 | 7.8963e+13  |          46.1662 | 2.46759e+12 |          2.46759e+12 |
|       5 |   1.25 |  40 | 2.35385e+17 |        57.7078 | 2.35385e+17 |          57.7078 | 5.88463e+15 |          7.35579e+15 |
|       5 |   1.5  |  48 | 7.01674e+20 |        69.2494 | 7.01674e+20 |          69.2494 | 1.46182e+19 |          2.19273e+19 |
|       5 |   1.75 |  56 | 2.09166e+24 |        80.7909 | 2.09166e+24 |          80.7909 | 3.73511e+22 |          6.53644e+22 |
